Census 2000 PHC-T-9.  Population by Age, Sex, Race, and Hispanic or Latino Origin for the United States:  2000

Table 2.  Male Population by Age, Race and Hispanic or Latino Origin for the United States:  2000

Internet Release Date:  October 3, 2001

[For information on confidentiality protection, nonsampling error, and definitions, see https://www.census.gov/prod/cen2000/doc/sf1.pdf.]

------------------------------------------------------------------------------------------------------------------------------------------------------------------ 
                        |             |                                             Race                                                |            |
                        |             |-------------------------------------------------------------------------------------------------|            |
                        |             |                                      One race                                       |           |            |
                        |             |-------------------------------------------------------------------------------------|           |            |
                        |             |            |            |            |           |           |   Native |           |           |            |
                        |             |            |            |            |  American |           | Hawaiian |           |           |            |
                        |             |            |            |            |    Indian |           |      and |           |           |   Hispanic |      White
                        |             |            |            |   Black or |       and |           |    Other |      Some |       Two |         or | alone, not
                        |       Total |            |            |    African |    Alaska |           |  Pacific |     other |   or more | Latino (of |   Hispanic
Age                     |  population |      Total |      White |   American |    Native |     Asian | Islander |      race |     races |  any race) |  or Latino
------------------------------------------------------------------------------------------------------------------------------------------------------------------ 

FIVE-YEAR AGE GROUPS

      Total population    138,053,563  134,632,945   103,773,194  16,465,185   1,233,982   4,948,741    202,629   8,009,214   3,420,618   18,161,795   95,157,731
Under 5 years               9,810,733    9,328,579     6,597,764   1,424,275     108,659     337,149     17,254     843,478     482,154    1,900,431    5,747,742
5 to 9 years               10,523,277   10,101,978     7,159,656   1,627,475     120,954     348,856     18,702     826,335     421,299    1,851,885    6,321,695
10 to 14 years             10,520,197   10,164,015     7,361,650   1,584,518     125,260     352,071     18,376     722,140     356,182    1,617,185    6,623,228
15 to 19 years             10,391,004   10,075,286     7,288,058   1,482,765     119,350     380,560     19,394     785,159     315,718    1,688,556    6,530,937
20 to 24 years              9,687,814    9,405,807     6,675,922   1,280,628     102,116     407,865     20,243     919,033     282,007    1,875,139    5,865,075
25 to 29 years              9,798,760    9,537,752     6,846,202   1,211,753      95,441     484,136     18,385     881,835     261,008    1,826,146    6,038,628
30 to 34 years             10,321,769   10,074,647     7,490,728   1,239,755      94,245     461,712     16,883     771,324     247,122    1,668,064    6,723,177
35 to 39 years             11,318,696   11,079,394     8,544,270   1,328,309      99,900     439,179     16,638     651,098     239,302    1,474,462    7,835,996
40 to 44 years             11,129,102   10,917,323     8,631,912   1,267,177      92,141     398,480     14,660     512,953     211,779    1,178,548    8,058,013
45 to 49 years              9,889,506    9,720,917     7,855,623   1,056,143      77,577     345,873     11,717     373,984     168,589      886,695    7,410,884
50 to 54 years              8,607,724    8,476,692     7,023,516     831,065      62,799     288,810      9,479     261,023     131,032      664,236    6,669,501
55 to 59 years              6,508,729    6,417,290     5,415,680     588,262      43,962     203,331      6,642     159,413      91,439      456,165    5,151,858
60 to 64 years              5,136,627    5,068,659     4,292,670     468,895      32,324     160,314      4,908     109,548      67,968      347,409    4,079,327
65 to 69 years              4,400,362    4,349,182     3,753,923     374,464      22,837     119,499      3,747      74,712      51,180      268,184    3,578,792
70 to 74 years              3,902,912    3,863,245     3,407,201     291,976      16,163      92,669      2,462      52,774      39,667      205,691    3,267,502
75 to 79 years              3,044,456    3,016,865     2,696,297     206,915      10,701      67,074      1,537      34,341      27,591      135,463    2,603,467
80 to 84 years              1,834,897    1,819,570     1,643,745     116,030       5,488      36,339        907      17,061      15,327       67,919    1,597,046
85 years and over           1,226,998    1,215,744     1,088,377      84,780       4,065      24,824        695      13,003      11,254       49,617    1,054,863

SELECTED AGE GROUPS

Under 18 years             37,059,196   35,608,943    25,491,922   5,532,176     427,912   1,258,016     65,576   2,833,341   1,450,253    6,334,844   22,627,848
    Under 1 year            1,949,017    1,845,774     1,301,816     278,680      21,561      66,513      3,340     173,864     103,243      394,611    1,125,390
    1 to 4 years            7,861,716    7,482,805     5,295,948   1,145,595      87,098     270,636     13,914     669,614     378,911    1,505,820    4,622,352
    5 to 13 years          18,963,914   18,252,626    13,050,828   2,907,790     221,599     630,081     33,406   1,408,922     711,288    3,160,636   11,614,566
    14 to 17 years          8,284,549    8,027,738     5,843,330   1,200,111      97,654     290,786     14,916     580,941     256,811    1,273,777    5,265,540
18 to 64 years             86,584,742   84,759,396    65,691,729   9,858,844     746,816   3,350,320    127,705   4,983,982   1,825,346   11,100,077   60,428,213
    18 to 24 years         13,873,829   13,466,722     9,591,128   1,867,485     148,427     568,485     28,393   1,262,804     407,107    2,598,352    8,460,829
    25 to 44 years         42,568,327   41,609,116    31,513,112   5,046,994     381,727   1,783,507     66,566   2,817,210     959,211    6,147,220   28,655,814
    45 to 64 years         30,142,586   29,683,558    24,587,489   2,944,365     216,662     998,328     32,746     903,968     459,028    2,354,505   23,311,570
65 years and over          14,409,625   14,264,606    12,589,543   1,074,165      59,254     340,405      9,348     191,891     145,019      726,874   12,101,670

16 years and over         105,134,229  103,037,343    81,192,351  11,529,241     854,739   3,838,956    144,547   5,477,509   2,096,886   12,484,373   75,143,273
18 years and over         100,994,367   99,024,002    78,281,272  10,933,009     806,070   3,690,725    137,053   5,175,873   1,970,365   11,826,951   72,529,883
21 years and over          94,737,132   92,952,379    73,935,100  10,058,646     737,786   3,448,137    124,677   4,648,033   1,784,753   10,724,123   68,668,436
50 years and over          34,662,705   34,227,247    29,321,409   2,962,387     198,339     992,860     30,377     721,875     435,458    2,194,684   28,002,356
55 years and over          26,054,981   25,750,555    22,297,893   2,131,322     135,540     704,050     20,898     460,852     304,426    1,530,448   21,332,855
60 years and over          19,546,252   19,333,265    16,882,213   1,543,060      91,578     500,719     14,256     301,439     212,987    1,074,283   16,180,997
62 years and over          17,373,013   17,189,857    15,073,902   1,343,107      77,357     430,809     12,117     252,565     183,156      923,649   14,463,631
67 years and over          12,594,818   12,472,139    11,056,485     911,816      49,192     288,413      7,680     158,553     122,679      611,004   10,643,124
72 years and over           8,366,229    8,289,809     7,409,429     573,328      29,056     180,345      4,456      93,195      76,420      366,833    7,158,511
75 years and over           6,106,351    6,052,179     5,428,419     407,725      20,254     128,237      3,139      64,405      54,172      252,999    5,255,376

Median age (years)               34.0         34.3          36.5        28.5        27.2        31.7       27.0        24.5        22.3         25.4         37.4

PERCENT DISTRIBUTION

      Total population          100.0        100.0         100.0       100.0       100.0       100.0      100.0       100.0       100.0        100.0        100.0
Under 18 years                   26.8         26.4          24.6        33.6        34.7        25.4       32.4        35.4        42.4         34.9         23.8
    Under 1 year                  1.4          1.4           1.3         1.7         1.7         1.3        1.6         2.2         3.0          2.2          1.2
    1 to 4 years                  5.7          5.6           5.1         7.0         7.1         5.5        6.9         8.4        11.1          8.3          4.9
    5 to 13 years                13.7         13.6          12.6        17.7        18.0        12.7       16.5        17.6        20.8         17.4         12.2
    14 to 17 years                6.0          6.0           5.6         7.3         7.9         5.9        7.4         7.3         7.5          7.0          5.5
18 to 64 years                   62.7         63.0          63.3        59.9        60.5        67.7       63.0        62.2        53.4         61.1         63.5
    18 to 24 years               10.0         10.0           9.2        11.3        12.0        11.5       14.0        15.8        11.9         14.3          8.9
    25 to 44 years               30.8         30.9          30.4        30.7        30.9        36.0       32.9        35.2        28.0         33.8         30.1
    45 to 64 years               21.8         22.0          23.7        17.9        17.6        20.2       16.2        11.3        13.4         13.0         24.5
65 years and over                10.4         10.6          12.1         6.5         4.8         6.9        4.6         2.4         4.2          4.0         12.7
------------------------------------------------------------------------------------------------------------------------------------------------------------------ 

Source:  U.S. Census Bureau, Census 2000 Summary File 1.

