Census 2000 PHC-T-9.  Population by Age, Sex, Race, and Hispanic or Latino Origin for the United States:  2000

Table 3.  Female Population by Age, Race and Hispanic or Latino Origin for the United States:  2000

Internet Release Date:  October 3, 2001

[For information on confidentiality protection, nonsampling error, and definitions, see https://www.census.gov/prod/cen2000/doc/sf1.pdf.]

----------------------------------------------------------------------------------------------------------------------------------------------------------------- 
                       |             |                                              Race                                                |           |
                       |             |--------------------------------------------------------------------------------------------------|           |
                       |             |                                       One race                                       |           |           |
                       |             |--------------------------------------------------------------------------------------|           |           |
                       |             |             |            |            |           |           |   Native |           |           |           |
                       |             |             |            |            |  American |           | Hawaiian |           |           |           |
                       |             |             |            |            |    Indian |           |      and |           |           |  Hispanic |      White
                       |             |             |            |   Black or |       and |           |    Other |      Some |       Two | or Latino | alone, not
                       |       Total |             |            |    African |    Alaska |           |  Pacific |     other |   or more |       (of |   Hispanic
Age                    |  population |       Total |      White |   American |    Native |     Asian | Islander |      race |     races | any race) |  or Latino
----------------------------------------------------------------------------------------------------------------------------------------------------------------- 

FIVE-YEAR AGE GROUPS

      Total population   143,368,343   139,962,733  107,687,432   18,193,005   1,241,974   5,294,257    196,206   7,349,859   3,405,610  17,144,023   99,395,043
Under 5 years              9,365,065     8,899,004    6,262,128    1,380,511     104,393     333,257     16,137     802,578     466,061   1,817,543    5,446,604
5 to 9 years              10,026,228     9,617,754    6,785,226    1,578,037     118,053     331,680     17,801     786,957     408,474   1,771,795    5,982,208
10 to 14 years            10,007,875     9,660,593    6,960,988    1,537,012     120,417     332,454     17,396     692,326     347,282   1,546,227    6,259,312
15 to 19 years             9,828,886     9,522,712    6,879,090    1,446,788     113,001     365,951     17,934     699,948     306,174   1,483,090    6,228,997
20 to 24 years             9,276,187     9,006,110    6,388,969    1,348,124      95,894     408,587     18,450     746,086     270,077   1,534,288    5,729,667
25 to 29 years             9,582,576     9,331,135    6,655,571    1,337,215      91,248     502,086     16,839     728,176     251,441   1,559,188    5,952,235
30 to 34 years            10,188,619     9,951,563    7,328,058    1,378,847      91,827     487,706     16,246     648,879     237,056   1,456,837    6,642,233
35 to 39 years            11,387,968    11,156,551    8,487,223    1,498,052     102,113     470,260     16,393     582,510     231,417   1,350,696    7,829,977
40 to 44 years            11,312,761    11,103,853    8,634,083    1,433,241      97,060     447,638     14,100     477,731     208,908   1,125,604    8,077,349
45 to 49 years            10,202,898    10,033,239    7,955,003    1,219,048      81,845     403,904     11,958     361,481     169,659     888,473    7,497,327
50 to 54 years             8,977,824     8,840,240    7,190,359      974,392      65,504     337,445      9,459     263,081     137,584     696,699    6,809,448
55 to 59 years             6,960,508     6,863,276    5,691,567      718,379      46,569     230,418      6,786     169,557      97,232     503,868    5,393,811
60 to 64 years             5,668,820     5,593,762    4,653,172      594,574      34,865     182,481      5,234     123,436      75,058     402,998    4,402,685
65 to 69 years             5,133,183     5,072,409    4,286,302      507,322      26,626     154,586      3,951      93,622      60,774     331,169    4,072,035
70 to 74 years             4,954,529     4,903,598    4,240,992      439,410      20,271     127,397      3,067      72,461      50,931     271,575    4,060,120
75 to 79 years             4,371,357     4,331,958    3,833,722      343,109      14,907      88,891      2,077      49,252      39,399     191,263    3,703,906
80 to 84 years             3,110,470     3,085,144    2,764,852      230,435       9,158      51,844      1,248      27,607      25,326     111,619    2,687,860
85 years and over          3,012,589     2,989,832    2,690,127      228,509       8,223      37,672      1,130      24,171      22,757     101,091    2,619,269

SELECTED AGE GROUPS

Under 18 years            35,234,616    33,827,983   24,106,367    5,353,520     412,400   1,206,983     61,603   2,687,110   1,406,633   6,007,415   21,399,239
    Under 1 year           1,856,631     1,756,329    1,234,112      270,275      20,606      63,290      3,124     164,922     100,302     376,442    1,065,448
    1 to 4 years           7,508,434     7,142,675    5,028,016    1,110,236      83,787     269,967     13,013     637,656     365,759   1,441,101    4,381,156
    5 to 13 years         18,061,432    17,370,463   12,360,187    2,820,144     215,095     597,182     31,775   1,346,080     690,969   3,025,311   10,986,886
    14 to 17 years         7,808,119     7,558,516    5,484,052    1,152,865      92,912     276,544     13,691     538,452     249,603   1,164,561    4,965,749
18 to 64 years            87,551,599    85,751,809   65,765,070   11,090,700     750,389   3,626,884    123,130   4,395,636   1,799,790  10,129,891   60,852,614
    18 to 24 years        13,269,625    12,878,190    9,170,034    1,936,952     139,358     564,946     26,115   1,040,785     391,435   2,145,528    8,247,549
    25 to 44 years        42,471,924    41,543,102   31,104,935    5,647,355     382,248   1,907,690     63,578   2,437,296     928,822   5,492,325   28,501,794
    45 to 64 years        31,810,050    31,330,517   25,490,101    3,506,393     228,783   1,154,248     33,437     917,555     479,533   2,492,038   24,103,271
65 years and over         20,582,128    20,382,941   17,815,995    1,748,785      79,185     460,390     11,473     267,113     199,187   1,006,717   17,143,190

16 years and over        112,014,898   109,894,023   86,303,651   13,409,517     875,695   4,228,859    141,461   4,934,840   2,120,875  11,719,571   80,460,102
18 years and over        108,133,727   106,134,750   83,581,065   12,839,485     829,574   4,087,274    134,603   4,662,749   1,998,977  11,136,608   77,995,804
21 years and over        102,162,061   100,343,307   79,430,369   11,956,696     765,372   3,850,798    123,039   4,217,033   1,818,754  10,214,809   74,241,120
50 years and over         42,189,280    41,680,219   35,351,093    4,036,130     226,123   1,210,734     32,952     823,187     509,061   2,610,282   33,749,134
55 years and over         33,211,456    32,839,979   28,160,734    3,061,738     160,619     873,289     23,493     560,106     371,477   1,913,583   26,939,686
60 years and over         26,250,948    25,976,703   22,469,167    2,343,359     114,050     642,871     16,707     390,549     274,245   1,409,715   21,545,875
62 years and over         23,883,016    23,641,077   20,531,824    2,093,220      98,891     565,869     14,422     336,851     241,939   1,238,640   19,713,648
67 years and over         18,506,704    18,333,357   16,099,929    1,534,060      67,605     395,638      9,757     226,368     173,347     866,363   15,516,680
72 years and over         13,428,535    13,311,980   11,813,197    1,056,840      43,747     250,604      6,218     141,374     116,555     556,560   11,433,430
75 years and over         10,494,416    10,406,934    9,288,701      802,053      32,288     178,407      4,455     101,030      87,482     403,973    9,011,035

Median age (years)              36.5          36.8         38.9         31.7        28.9        33.8       28.1        24.6        23.1        26.3         39.8

PERCENT DISTRIBUTION

      Total population         100.0         100.0        100.0        100.0       100.0       100.0      100.0       100.0       100.0       100.0        100.0
Under 18 years                  24.6          24.2         22.4         29.4        33.2        22.8       31.4        36.6        41.3        35.0         21.5
    Under 1 year                 1.3           1.3          1.1          1.5         1.7         1.2        1.6         2.2         2.9         2.2          1.1
    1 to 4 years                 5.2           5.1          4.7          6.1         6.7         5.1        6.6         8.7        10.7         8.4          4.4
    5 to 13 years               12.6          12.4         11.5         15.5        17.3        11.3       16.2        18.3        20.3        17.6         11.1
    14 to 17 years               5.4           5.4          5.1          6.3         7.5         5.2        7.0         7.3         7.3         6.8          5.0
18 to 64 years                  61.1          61.3         61.1         61.0        60.4        68.5       62.8        59.8        52.8        59.1         61.2
    18 to 24 years               9.3           9.2          8.5         10.6        11.2        10.7       13.3        14.2        11.5        12.5          8.3
    25 to 44 years              29.6          29.7         28.9         31.0        30.8        36.0       32.4        33.2        27.3        32.0         28.7
    45 to 64 years              22.2          22.4         23.7         19.3        18.4        21.8       17.0        12.5        14.1        14.5         24.2
65 years and over               14.4          14.6         16.5          9.6         6.4         8.7        5.8         3.6         5.8         5.9         17.2
----------------------------------------------------------------------------------------------------------------------------------------------------------------- 

Source:  U.S. Census Bureau, Census 2000 Summary File 1.

